#   Space-time domain Green function database
#   calculated on Thu Nov 22 16:10:36 2018
#================================================
#   data_type size: REAL*4
#================================================
#   time_window[s] sampling[s] number_of_samples
   4095.00      1.00  4096
#================================================
#   number of distances, list of distances
     534
  3000.000  3010.006  3020.031  3030.075  3040.138
  3050.219  3060.320  3070.439  3080.576  3090.733
  3100.909  3111.103  3121.316  3131.548  3141.798
  3152.068  3162.356  3172.663  3182.989  3193.334
  3203.697  3214.080  3224.481  3234.900  3245.339
  3255.797  3266.273  3276.768  3287.282  3297.815
  3308.366  3318.936  3329.525  3340.133  3350.760
  3361.405  3372.070  3382.753  3393.455  3404.175
  3414.915  3425.673  3436.450  3447.246  3458.061
  3468.894  3479.747  3490.618  3501.508  3512.416
  3523.344  3534.290  3545.255  3556.239  3567.242
  3578.263  3589.304  3600.363  3611.441  3622.537
  3633.653  3644.787  3655.940  3667.112  3678.303
  3689.512  3700.741  3711.988  3723.254  3734.538
  3745.842  3757.164  3768.505  3779.865  3791.244
  3802.642  3814.058  3825.493  3836.947  3848.420
  3859.911  3871.422  3882.951  3894.499  3906.065
  3917.651  3929.255  3940.878  3952.520  3964.181
  3975.860  3987.559  3999.276  4011.012  4022.767
  4034.540  4046.333  4058.144  4069.974  4081.822
  4093.690  4105.576  4117.481  4129.405  4141.348
  4153.310  4165.290  4177.289  4189.307  4201.344
  4213.399  4225.474  4237.567  4249.679  4261.810
  4273.959  4286.128  4298.315  4310.521  4322.745
  4334.989  4347.251  4359.532  4371.832  4384.151
  4396.489  4408.845  4421.220  4433.614  4446.027
  4458.459  4470.909  4483.378  4495.866  4508.373
  4520.898  4533.443  4546.006  4558.588  4571.189
  4583.808  4596.447  4609.104  4621.780  4634.475
  4647.188  4659.921  4672.672  4685.442  4698.231
  4711.038  4723.865  4736.710  4749.574  4762.457
  4775.358  4788.279  4801.218  4814.176  4827.153
  4840.148  4853.163  4866.196  4879.248  4892.319
  4905.408  4918.517  4931.644  4944.790  4957.955
  4971.138  4984.341  4997.562  5010.802  5024.061
  5037.338  5050.635  5063.950  5077.284  5090.637
  5104.008  5117.399  5130.808  5144.236  5157.683
  5171.148  5184.633  5198.136  5211.658  5225.199
  5238.759  5252.337  5265.934  5279.550  5293.185
  5306.839  5320.511  5334.202  5347.912  5361.641
  5375.389  5389.155  5402.941  5416.745  5430.567
  5444.409  5458.269  5472.149  5486.047  5499.964
  5513.899  5527.854  5541.827  5555.819  5569.830
  5583.859  5597.908  5611.975  5626.061  5640.166
  5654.290  5668.432  5682.593  5696.773  5710.972
  5725.190  5739.426  5753.682  5767.956  5782.249
  5796.560  5810.891  5825.240  5839.608  5853.995
  5868.401  5882.825  5897.268  5911.730  5926.211
  5940.711  5955.229  5969.767  5984.323  5998.898
  6013.491  6028.104  6042.735  6057.385  6072.054
  6086.742  6101.448  6116.173  6130.918  6145.680
  6160.462  6175.263  6190.082  6204.920  6219.777
  6234.653  6249.547  6264.460  6279.392  6294.343
  6309.313  6324.302  6339.309  6354.335  6369.380
  6384.444  6399.526  6414.627  6429.747  6444.886
  6460.044  6475.221  6490.416  6505.630  6520.863
  6536.115  6551.385  6566.674  6581.982  6597.309
  6612.655  6628.020  6643.403  6658.805  6674.226
  6689.666  6705.124  6720.602  6736.098  6751.613
  6767.146  6782.699  6798.270  6813.860  6829.469
  6845.097  6860.743  6876.409  6892.093  6907.796
  6923.518  6939.258  6955.017  6970.796  6986.592
  7002.408  7018.243  7034.096  7049.968  7065.859
  7081.769  7097.697  7113.645  7129.611  7145.596
  7161.600  7177.622  7193.663  7209.724  7225.803
  7241.900  7258.017  7274.152  7290.306  7306.479
  7322.671  7338.882  7355.111  7371.359  7387.626
  7403.912  7420.216  7436.540  7452.882  7469.243
  7485.623  7502.021  7518.439  7534.875  7551.330
  7567.803  7584.296  7600.807  7617.338  7633.887
  7650.454  7667.041  7683.646  7700.270  7716.913
  7733.575  7750.256  7766.955  7783.673  7800.410
  7817.166  7833.941  7850.734  7867.546  7884.377
  7901.227  7918.096  7934.983  7951.889  7968.814
  7985.758  8002.721  8019.702  8036.702  8053.721
  8070.759  8087.815  8104.891  8121.985  8139.098
  8156.230  8173.380  8190.550  8207.738  8224.945
  8242.171  8259.415  8276.679  8293.961  8311.262
  8328.582  8345.920  8363.278  8380.654  8398.049
  8415.463  8432.896  8450.347  8467.817  8485.306
  8502.814  8520.341  8537.886  8555.450  8573.033
  8590.635  8608.256  8625.895  8643.553  8661.230
  8678.926  8696.641  8714.374  8732.126  8749.898
  8767.687  8785.496  8803.323  8821.170  8839.035
  8856.919  8874.821  8892.743  8910.683  8928.642
  8946.620  8964.616  8982.632  9000.666  9018.719
  9036.791  9054.882  9072.991  9091.119  9109.266
  9127.432  9145.617  9163.820  9182.042  9200.284
  9218.543  9236.822  9255.119  9273.436  9291.771
  9310.125  9328.497  9346.889  9365.299  9383.728
  9402.176  9420.643  9439.128  9457.632  9476.155
  9494.697  9513.258  9531.837  9550.436  9569.053
  9587.689  9606.343  9625.017  9643.709  9662.420
  9681.150  9699.899  9718.666  9737.452  9756.258
  9775.081  9793.924  9812.786  9831.666  9850.565
  9869.483  9888.419  9907.375  9926.349  9945.342
  9964.354  9983.385 10002.434 10021.503 10040.590
 10059.696 10078.820 10097.964 10117.126 10136.307
 10155.507 10174.726 10193.963 10213.220 10232.495
 10251.789 10271.101 10290.433 10309.783 10329.152
 10348.540 10367.947 10387.372 10406.817 10426.280
 10445.762 10465.262 10484.782 10504.320 10523.877
 10543.453 10563.048 10582.662 10602.294 10621.945
 10641.615 10661.304 10681.011 10700.737 10720.483
 10740.247 10760.029 10779.831 10799.651 10819.490
 10839.348 10859.225 10879.120 10899.035 10918.968
 10938.920 10958.891 10978.880 11000.000
#================================================
#   each file includes all fundamental velocity
#   Green functions for a given source depth
#   data are stored in the following order:
#   distance
#    {time_reduction,
#     mechanism(expl.,strike-slip,dip-slip,clvd)
#      {component(vertical,radial,tangential)
#       {time_series}}}
#   note: time reduction [s] needs (4)+4+(4)
#         bytes, each time series (seimogram)
#         needs (4)+number_of_samples*4+(4)
#         bytes, where (4) bytes are for the
#         reserved places before and after each
#         record
#================================================
#   number of source_depths / files,
#   list of source_depths / filenames
         2
      18.0  'E:/Studies/joint_invt_pack_v4/example-2016NZ/Green_tele_NZ/green_func/grn_d18'
      20.0  'E:/Studies/joint_invt_pack_v4/example-2016NZ/Green_tele_NZ/green_func/grn_d20'
